0.0
0.0
0.0
0.0
0.0
0.0
0.0
0.0
0.0
0.0
0.0
0.0
0.0
0.0
0.0
0.0
0.0
0.0
0.0
0.0
0.0
0.0
0.0
0.0
0.0
0.0
0.0
0.0
0.0
0.0
0.0
0.0
0.0
0.0
0.0
0.0
0.0
0.0
0.0
0.0
0.0
0.0
0.0
0.0
0.0
0.0
0.0
0.0
0.0
0.0
0.0
0.0
0.0390625
0.078125
0.1171875
0.1171875
0.1953125
0.15625
0.078125
0.1171875
0.078125
0.1171875
0.0
0.1171875
0.1953125
0.15625
0.234375
0.078125
0.1171875
0.3125
0.5078125
0.625
0.46875
0.4296875
0.546875
0.234375
0.7421875
0.625
0.546875
0.46875
0.234375
0.5078125
0.859375
0.5859375
0.5078125
0.625
0.5859375
0.859375
0.859375
0.5859375
0.6640625
0.78125
0.3515625
1.171875
0.546875
0.703125
0.8984375
0.8203125
0.9765625
0.546875
0.859375
1.0546875
1.0546875
1.25
0.859375
1.2109375
0.78125
1.171875
1.25
1.0546875
1.4453125
0.9765625
1.1328125
0.859375
0.546875
1.25
0.9375
0.8984375
1.0546875
1.171875
0.859375
1.25
0.8984375
1.2109375
1.796875
1.328125
1.171875
1.796875
1.4453125
1.71875
1.5625
1.6796875
1.640625
1.328125
1.9921875
1.1328125
1.7578125
1.2890625
1.171875
1.328125
1.2890625
1.3671875
1.09375
1.9140625
1.5625
2.2265625
1.40625
1.6796875
1.4453125
1.9140625
1.328125
1.6015625
1.1328125
1.171875
1.40625
1.6796875
1.484375
1.640625
1.796875
1.8359375
1.4453125
1.2109375
1.796875
2.0703125
1.875
1.7578125
1.640625
1.71875
1.640625
1.5625
1.3671875
1.71875
1.9921875
2.3828125
1.8359375
1.9140625
1.6796875
1.3671875
2.0703125
2.0703125
1.5625
2.0703125
2.109375
1.171875
2.734375
1.171875
1.640625
2.5390625
1.71875
2.0703125
1.9921875
1.6796875
1.9921875
1.7578125
1.5234375
2.109375
2.4609375
2.265625
2.421875
2.3046875
1.8359375
1.9921875
2.03125
2.2265625
2.3046875
1.796875
1.796875
1.6796875
1.9140625
2.8515625
1.953125
2.03125
1.953125
2.421875
2.265625
2.0703125
2.34375
2.1484375
2.8125
2.34375
2.6953125
1.328125
2.6171875
2.34375
2.6953125
2.5390625
2.0703125
2.3828125
2.5
1.9921875
2.1875
2.03125
2.890625
1.953125
2.734375
2.421875
2.578125
2.3828125
2.578125
2.6953125
1.640625
2.5390625
2.6953125
2.421875
2.65625
2.9296875
2.265625
2.1484375
2.0703125
2.2265625
2.34375
2.1875
2.9296875
1.9140625
2.7734375
2.3828125
2.265625
3.0078125
2.265625
1.640625
2.109375
2.5
1.9140625
2.03125
2.1484375
1.875
1.796875
1.8359375
2.3828125
2.0703125
2.8515625
2.2265625
2.5
1.875
1.9921875
2.65625
2.5390625
2.34375
2.34375
2.109375
3.0078125
2.734375
1.71875
2.109375
2.6953125
2.109375
2.734375
3.359375
3.28125
2.3046875
2.8515625
2.5390625
2.3828125
2.5
2.6953125
2.3828125
2.34375
2.8125
2.8125
2.421875
3.0859375
2.6953125
2.734375
2.578125
3.3203125
3.046875
2.4609375
2.5
3.28125
3.046875
2.7734375
2.3046875
2.890625
2.265625
2.890625
3.3203125
2.7734375
2.9296875
2.578125
2.3046875
3.359375
2.03125
2.9296875
2.4609375
2.3828125
3.125
2.5
2.8125
2.96875
2.96875
3.203125
3.0078125
3.3203125
3.515625
3.2421875
2.8515625
3.671875
2.5390625
3.28125
3.359375
2.96875
2.9296875
2.34375
3.046875
2.7734375
2.7734375
2.8515625
2.890625
3.515625
2.8515625
2.9296875
3.125
3.3203125
3.8671875
3.3203125
3.0078125
1.9140625
3.2421875
2.96875
3.125
2.734375
2.7734375
2.7734375
2.5
2.890625
2.6953125
2.890625
2.8125
2.3828125
3.125
2.734375
3.046875
3.046875
2.578125
3.046875
2.5390625
3.0078125
2.6953125
3.0078125
2.9296875
2.34375
3.359375
3.0078125
3.0859375
2.96875
3.3984375
2.9296875
2.4609375
2.421875
3.203125
3.7890625
3.0859375
2.65625
3.0078125
3.0859375
3.2421875
3.28125
2.96875
2.2265625
2.890625
3.0078125
2.890625
2.5390625
2.8125
2.8125
2.265625
2.8125
2.65625
2.65625
2.8125
3.125
3.0859375
2.8515625
2.7734375
2.65625
2.578125
2.65625
2.4609375
2.7734375
2.8125
3.515625
3.203125
2.4609375
2.65625
1.9140625
2.5
3.0859375
2.734375
3.125
3.515625
3.046875
2.7734375
3.2421875
3.1640625
3.0078125
2.3828125
2.734375
2.96875
3.0859375
2.8125
3.6328125
3.046875
2.8125
3.1640625
2.5
2.8125
3.046875
3.203125
2.96875
2.734375
2.96875
3.1640625
2.8125
2.6171875
3.28125
2.421875
3.0078125
2.34375
2.9296875
3.3203125
2.9296875
3.0078125
3.2421875
3.515625
2.4609375
2.578125
3.59375
2.9296875
3.90625
2.9296875
3.125
2.8125
2.5
2.6953125
2.6953125
2.6953125
3.3203125
3.2421875
3.4375
2.8125
3.0078125
2.8515625
2.6953125
2.7734375
3.0078125
3.1640625
3.1640625
3.0078125
3.359375
3.0859375
3.125
3.3203125
2.96875
4.21875
3.0078125
2.734375
2.734375
2.96875
3.2421875
3.59375
3.3984375
2.96875
3.1640625
3.359375
3.3984375
2.8125
3.515625
3.28125
3.046875
3.828125
3.6328125
3.0078125
2.96875
3.359375
3.1640625
2.96875
3.359375
3.7109375
2.9296875
4.0234375
3.1640625
3.7890625
3.1640625
2.7734375
3.5546875
3.0078125
3.3203125
2.578125
3.5546875
2.7734375
3.359375
3.1640625
3.4375
3.4765625
3.1640625
2.8515625
3.0859375
3.0859375
2.9296875
2.890625
3.046875
2.9296875
3.515625
3.7109375
3.4375
3.4375
3.671875
2.5390625
2.65625
2.8515625
3.046875
3.203125
3.90625
3.75
3.4375
2.578125
3.125
2.6953125
2.421875
3.4765625
3.6328125
3.3203125
3.28125
2.8515625
2.8515625
3.4765625
3.28125
3.203125
3.4765625
3.3984375
3.125
3.3984375
3.671875
3.75
3.5546875
3.3984375
3.2421875
3.4765625
3.8671875
2.96875
2.96875
3.3203125
2.578125
2.8125
3.0078125
3.2421875
2.5390625
3.59375
3.984375
3.203125
3.28125
3.203125
3.984375
3.671875
3.3984375
3.6328125
3.4375
3.3203125
3.515625
3.28125
3.9453125
2.96875
3.6328125
3.828125
2.8125
3.4375
3.2421875
3.203125
3.5546875
3.59375
2.8515625
3.515625
3.75
3.28125
3.3984375
3.0078125
3.0078125
3.828125
2.96875
3.28125
3.125
3.203125
3.3984375
3.1640625
4.1796875
3.3203125
3.046875
3.3203125
3.7109375
3.3203125
3.3203125
2.9296875
3.515625
3.1640625
3.3203125
3.59375
3.125
3.7890625
3.3203125
3.7109375
3.0078125
3.359375
3.0078125
3.6328125
3.28125
3.828125
3.3984375
2.9296875
3.125
3.28125
3.0859375
3.1640625
4.140625
3.359375
3.2421875
2.890625
3.7890625
3.3984375
3.3984375
3.671875
2.96875
3.7890625
3.59375
3.203125
3.0078125
3.4765625
3.7109375
3.6328125
3.984375
4.21875
3.7109375
3.2421875
3.28125
4.21875
2.8515625
3.828125
4.296875
3.1640625
3.7890625
4.1015625
3.90625
4.296875
3.984375
3.125
3.5546875
3.2421875
3.5546875
3.828125
3.515625
3.8671875
3.359375
3.671875
3.7890625
3.4765625
3.5546875
3.90625
2.8515625
3.59375
3.671875
2.8125
3.7109375
4.375
3.359375
3.5546875
3.4375
3.3203125
3.515625
3.125
3.3984375
3.9453125
3.4765625
3.6328125
3.4375
4.1796875
3.7890625
3.203125
3.4765625
3.28125
3.6328125
3.3203125
3.046875
3.8671875
3.59375
3.90625
3.6328125
3.4765625
3.515625
3.7890625
3.75
3.3984375
4.0625
4.1015625
4.1796875
3.7890625
4.2578125
3.7890625
3.984375
3.28125
3.671875
3.984375
3.59375
3.984375
3.515625
3.515625
3.5546875
4.0234375
3.7109375
4.1015625
3.671875
4.296875
4.0625
3.828125
3.828125
4.0234375
3.75
4.0234375
3.7890625
3.6328125
3.7109375
3.828125
3.515625
3.828125
4.1015625
3.28125
3.75
3.8671875
3.515625
3.5546875
3.671875
3.2421875
4.0234375
3.2421875
3.1640625
3.828125
4.1015625
3.828125
4.375
3.2421875
3.6328125
4.1796875
3.7109375
3.6328125
3.59375
4.3359375
4.2578125
3.75
3.90625
4.0234375
4.140625
3.7109375
4.140625
4.1015625
4.21875
3.046875
3.7109375
3.984375
3.3203125
3.828125
4.0625
4.21875
2.96875
3.4375
4.0234375
3.90625
3.7890625
3.1640625
3.59375
4.0234375
3.359375
4.0234375
3.7109375
2.8515625
3.046875
3.9453125
3.3984375
4.4140625
3.7109375
3.4375
3.359375
3.8671875
4.1796875
3.6328125
3.4765625
3.9453125
4.3359375
3.359375
3.6328125
3.5546875
3.671875
4.1015625
3.59375
2.96875
3.359375
3.6328125
3.9453125
4.1796875
3.3984375
3.9453125
3.7109375
3.75
4.1015625
4.8828125
3.984375
4.140625
3.28125
3.7109375
3.9453125
3.59375
3.7109375
3.4375
3.359375
4.21875
3.5546875
3.9453125
3.515625
4.0234375
4.1015625
3.984375
3.59375
4.1796875
3.7890625
3.7109375
4.0234375
4.0234375
4.0234375
3.671875
4.3359375
4.4921875
3.75
3.9453125
4.921875
4.296875
3.7109375
4.0625
4.140625
3.75
4.4140625
3.8671875
4.2578125
4.0234375
4.53125
4.5703125
3.828125
4.21875
3.59375
4.1796875
3.59375
3.3984375
3.6328125
4.84375
4.5703125
3.8671875
3.4765625
3.8671875
3.75
4.1015625
3.984375
4.8046875
4.7265625
3.8671875
3.8671875
4.140625
4.2578125
3.75
4.0625
3.359375
4.84375
3.9453125
3.828125
3.7890625
3.8671875
3.828125
3.6328125
3.4765625
3.5546875
4.0234375
5.0
3.8671875
4.0234375
4.1015625
3.7890625
3.7890625
3.28125
4.296875
3.7109375
4.375
4.3359375
3.5546875
3.5546875
3.59375
3.28125
4.609375
3.203125
4.3359375
4.4140625
4.1796875
4.0625
4.3359375
4.5703125
3.9453125
3.4375
3.3984375
3.75
3.3203125
5.0
3.9453125
3.7890625
3.90625
3.5546875
3.828125
3.8671875
3.28125
3.4375
3.984375
4.1796875
4.1796875
3.90625
4.296875
4.765625
4.1796875
4.921875
3.4375
3.8671875
4.1015625
4.375
4.4140625
3.359375
4.0625
3.8671875
4.140625
3.9453125
4.2578125
3.7890625
3.046875
3.671875
4.609375
4.3359375
4.609375
4.1015625
4.2578125
3.75
3.3984375
4.7265625
3.3984375
4.296875
3.9453125
4.3359375
3.7890625
5.1171875
4.2578125
3.984375
3.7109375
3.75
3.9453125
4.0625
3.90625
4.0234375
3.59375
3.7109375
3.828125
4.140625
3.90625
3.828125
3.9453125
4.375
4.6484375
4.53125
4.609375
3.8671875
4.921875
4.6484375
4.0625
3.6328125
4.53125
4.0234375
4.53125
3.9453125
3.515625
3.75
3.7109375
4.0234375
4.453125
4.0625
3.8671875
4.0234375
4.53125
4.4140625
3.671875
3.6328125
3.515625
4.84375
4.1015625
4.609375
4.0625
4.21875
4.1796875
4.375
3.9453125
4.140625
3.4765625
4.921875
4.21875
4.8828125
4.4140625
4.0625
4.8046875
4.6484375
3.984375
3.828125
3.984375
3.5546875
3.9453125
4.21875
4.140625
4.2578125
3.7109375
3.4375
3.9453125
5.0390625
4.0234375
3.3203125
4.375
4.3359375
3.5546875
3.90625
4.1015625
4.140625
4.296875
4.3359375
4.2578125
4.21875
3.75
4.140625
3.7890625
4.1796875
4.140625
3.7109375
3.90625
3.7890625
3.59375
3.3984375
4.609375
4.1015625
4.4140625
3.90625
4.4140625
4.296875
3.828125
4.1796875
4.4140625
3.59375
3.984375
4.140625
4.140625
3.7890625
4.0234375
4.8046875
4.1796875
3.515625
3.59375
3.9453125
3.75
4.1796875
3.828125
3.9453125
4.140625
4.765625
4.1796875
3.984375
4.3359375
3.7890625
4.3359375
3.4375
3.6328125
4.1796875
4.1796875
4.0234375
4.21875
4.9609375
4.2578125
4.296875
5.1171875
3.90625
4.2578125
4.21875
3.5546875
4.1015625
4.6484375
4.140625
4.6484375
3.75
3.75
4.453125
4.0625
4.21875
3.28125
4.140625
4.2578125
3.4765625
4.140625
3.828125
4.0625
4.1796875
4.609375
3.7890625
3.828125
3.8671875
4.0234375
4.765625
4.53125
3.984375
3.4375
3.4375
3.75
4.6484375
4.4140625
4.4921875
4.2578125
4.0234375
3.7890625
4.3359375
4.1015625
4.140625
3.828125
4.0234375
4.21875
4.0625
4.3359375
4.3359375
3.7109375
3.828125
3.828125
3.6328125
4.1015625
3.4765625
4.3359375
3.7109375
4.0625
3.9453125
3.984375
3.9453125
4.5703125
4.53125
3.90625
4.0234375
3.75
4.21875
3.828125
4.1796875
4.8046875
3.984375
3.7890625
4.1796875
3.7109375
4.1796875
4.1015625
3.75
3.7890625
3.90625
3.28125
4.6484375
4.0234375
3.7890625
4.1796875
4.8828125
3.5546875
4.2578125
3.8671875
3.828125
3.515625
3.7890625
3.8671875
4.296875
3.984375
4.53125
4.375
3.59375
4.2578125
3.75
4.296875
3.90625
2.890625
3.75
4.21875
4.3359375
4.453125
3.90625
4.7265625
4.140625
3.8671875
4.609375
3.8671875
4.140625
4.0234375
4.8828125
3.9453125
3.90625
4.4140625
4.21875
4.6875
4.53125
4.53125
4.0234375
3.9453125
3.2421875
3.2421875
4.21875
3.8671875
4.765625
3.515625
4.8828125
4.1796875
5.0
4.2578125
3.5546875
4.296875
4.765625
4.140625
4.140625
4.296875
4.609375
4.2578125
3.828125
4.53125
4.2578125
4.7265625
4.2578125
3.7109375
4.453125
3.3203125
3.7890625
4.6875
3.4765625
4.140625
3.828125
4.296875
3.6328125
4.1015625
4.4921875
3.90625
4.0234375
4.921875
3.9453125
3.828125
4.375
4.6484375
3.8671875
4.5703125
3.4765625
3.984375
4.2578125
4.3359375
4.0234375
4.5703125
4.53125
3.828125
3.828125
4.609375
4.140625
4.53125
3.828125
3.7109375
4.9609375
4.453125
3.6328125
4.53125
3.7109375
4.453125
3.7109375
3.671875
4.3359375
4.2578125
4.8046875
4.21875
4.1796875
3.828125
4.2578125
3.359375
3.671875
4.3359375
4.140625
3.7890625
5.0
4.21875
4.1796875
4.0625
4.3359375
3.4765625
3.984375
4.7265625
4.6484375
3.7890625
4.296875
3.90625
3.75
4.1015625
4.4140625
3.984375
3.671875
4.3359375
5.0390625
4.1015625
4.296875
4.53125
4.53125
4.609375
3.828125
3.515625
3.8671875
4.3359375
4.0234375
4.1015625
4.0234375
4.0625
4.21875
4.21875
4.609375
4.1796875
4.453125
4.375
3.828125
4.3359375
4.0234375
4.140625
4.3359375
4.5703125
3.7890625
3.8671875
4.2578125
3.828125
3.7109375
5.0
4.296875
4.21875
4.2578125
5.0
4.6875
4.375
4.6484375
3.9453125
4.140625
4.140625
3.828125
4.4140625
4.3359375
3.7890625
4.21875
4.21875
4.3359375
4.3359375
4.1796875
4.4921875
4.609375
4.0625
4.6875
4.84375
3.984375
4.6484375
4.3359375
4.296875
4.53125
4.1796875
3.9453125
4.7265625
3.8671875
4.296875
4.4921875
4.0625
4.4140625
4.4140625
4.21875
4.4921875
4.921875
4.4921875
4.296875
4.4140625
3.984375
4.0625
4.1796875
4.140625
4.1015625
4.21875
4.3359375
4.3359375
4.453125
4.53125
4.7265625
4.5703125
3.90625
4.3359375
3.984375
3.4765625
4.609375
4.140625
4.0625
5.0390625
4.5703125
4.453125
4.1015625
4.3359375
4.375
4.4140625
4.1796875
4.0625
4.8046875
4.140625
4.453125
4.6484375
4.84375
4.453125
4.6875
4.1796875
5.0390625
4.7265625
4.21875
4.453125
4.609375
4.7265625
4.4140625
3.8671875
3.8671875
3.7890625
4.5703125
4.21875
4.296875
4.3359375
4.609375
4.3359375
3.59375
4.3359375
4.453125
3.8671875
4.4921875
4.609375
4.0234375
4.6875
4.296875
4.0625
3.8671875
3.90625
4.921875
5.0390625
4.21875
4.53125
3.8671875
4.53125
4.53125
3.5546875
3.828125
4.1796875
4.8828125
4.1796875
3.59375
4.4921875
4.4921875
4.3359375
3.984375
4.140625
4.4140625
4.453125
4.0234375
4.296875
4.3359375
4.0234375
4.21875
4.1796875
4.140625
4.3359375
4.53125
4.21875
3.75
4.609375
4.0234375
3.671875
3.828125
3.8671875
4.0234375
4.7265625
4.140625
4.21875
3.6328125
4.375
4.8046875
4.6484375
4.6875
3.59375
5.078125
4.1015625
3.984375
4.6875
3.90625
4.140625
4.1015625
4.765625
3.671875
4.1796875
4.0234375
4.4140625
4.1796875
4.140625
3.984375
4.1796875
3.984375
3.90625
4.8828125
4.1796875
4.375
4.4140625
3.8671875
4.21875
4.53125
4.765625
3.7890625
4.4140625
3.8671875
4.2578125
4.453125
3.828125
4.6875
3.671875
4.0234375
4.0625
4.53125
3.8671875
4.609375
4.140625
4.53125
4.375
3.75
4.0234375
4.21875
4.21875
4.21875
4.6875
3.9453125
3.671875
4.2578125
4.609375
4.7265625
4.140625
3.984375
4.0625
4.6484375
4.0625
4.375
3.75
4.53125
4.53125
4.296875
4.4921875
4.4140625
4.765625
4.1015625
5.1171875
4.296875
4.0234375
4.0234375
4.53125
3.515625
4.3359375
4.375
4.1796875
4.8828125
4.21875
5.1171875
3.7890625
3.9453125
3.984375
4.1796875
3.9453125
4.0234375
4.4140625
3.828125
4.53125
4.4921875
4.0234375
4.1015625
4.0234375
4.2578125
4.5703125
3.90625
4.921875
4.7265625
4.6484375
4.375
4.0234375
4.140625
3.671875
4.375
4.21875
4.5703125
3.7109375
3.75
4.296875
5.3515625
3.2421875
3.828125
3.9453125
4.1015625
3.203125
4.7265625
4.7265625
4.296875
3.8671875
4.4921875
4.921875
4.765625
4.2578125
4.5703125
3.984375
3.9453125
4.4921875
4.609375
5.3125
4.6484375
4.296875
4.2578125
4.6484375
4.4140625
4.375
4.2578125
4.296875
4.4140625
4.375
4.6875
4.296875
4.921875
3.984375
3.75
3.984375
4.1796875
4.6484375
4.1796875
3.8671875
4.4140625
3.984375
3.984375
3.984375
4.4921875
4.5703125
4.453125
3.8671875
4.453125
4.375
4.6875
3.828125
3.90625
4.4140625
4.609375
4.8046875
4.0234375
4.3359375
3.828125
4.1796875
5.0
4.84375
4.453125
4.7265625
4.3359375
4.3359375
4.21875
3.828125
4.453125
3.7109375
4.3359375
5.3125
4.609375
4.3359375
4.6484375
5.234375
3.828125
4.3359375
5.0
3.828125
4.1796875
4.4921875
4.53125
3.984375
4.6875
3.984375
4.1015625
4.4140625
4.1015625
4.4140625
4.8046875
4.1015625
4.609375
4.8046875
4.2578125
5.078125
4.21875
4.4921875
4.0625
3.9453125
3.984375
4.765625
4.140625
4.6875
4.0625
4.2578125
4.53125
4.140625
4.4140625
4.6484375
3.9453125
3.8671875
5.0
5.3125
4.4921875
4.53125
3.90625
4.0625
4.53125
3.6328125
4.6484375
4.21875
4.2578125
4.0625
4.375
3.90625
4.2578125
4.765625
4.0234375
3.8671875
4.8046875
4.4921875
3.2421875
4.296875
4.609375
3.7109375
4.8828125
4.7265625
3.8671875
4.140625
4.0625
4.1796875
4.8046875
4.6484375
4.5703125
4.0625
4.0625
4.375
4.4140625
4.0234375
4.53125
3.5546875
4.21875
3.828125
4.7265625
4.453125
4.4921875
4.4921875
4.8828125
3.7890625
4.6875
4.84375
4.765625
5.0390625
5.4296875
4.140625
3.7890625
3.9453125
4.765625
4.21875
4.453125
4.296875
4.2578125
3.7890625
4.21875
3.984375
4.2578125
4.296875
4.8046875
3.3984375
4.453125
3.9453125
4.53125
4.140625
4.3359375
3.984375
4.21875
4.4140625
4.7265625
4.1796875
4.3359375
4.4921875
4.1015625
4.3359375
4.0625
4.0234375
4.4140625
4.1015625
4.140625
4.3359375
4.140625
4.6484375
4.453125
4.1796875
4.765625
4.609375
4.1796875
4.0625
4.53125
4.1796875
4.0625
4.7265625
5.234375
5.0390625
4.53125
4.7265625
4.921875
4.609375
4.140625
5.0
4.453125
4.4921875
4.1796875
3.7109375
4.0234375
3.828125
5.0
4.5703125
4.84375
4.7265625
4.8828125
4.8046875
4.53125
4.7265625
4.6875
4.9609375
4.21875
4.140625
4.53125
4.6875
5.3515625
4.453125
3.9453125
4.4921875
4.453125
4.53125
4.6484375
4.609375
4.53125
4.375
4.765625
4.5703125
4.5703125
4.1796875
4.609375
4.1796875
4.4921875
5.546875
4.296875
4.5703125
4.609375
4.296875
4.8828125
4.4921875
4.5703125
5.234375
4.1796875
4.765625
4.3359375
4.921875
4.8828125
4.2578125
5.3515625
3.8671875
3.671875
4.4140625
5.46875
4.6875
4.1015625
4.5703125
5.1171875
4.5703125
3.90625
4.4921875
3.828125
4.6875
4.21875
4.4921875
4.453125
4.0234375
4.375
4.140625
4.4140625
3.8671875
4.4921875
5.0390625
3.7109375
4.1796875
5.3515625
4.5703125
4.6484375
4.8828125
4.140625
4.6875
4.375
4.921875
4.609375
4.53125
4.5703125
5.078125
4.609375
4.921875
4.6484375
4.296875
4.765625
4.6875
3.4375
4.375
4.609375
3.984375
5.0390625
4.765625
4.8046875
5.1953125
4.4921875
4.296875
4.296875
5.0
3.7890625
4.609375
4.921875
5.15625
5.078125
4.53125
4.140625
4.453125
4.765625
4.765625
3.828125
4.375
4.6875
4.609375
4.453125
4.1796875
3.828125
4.9609375
4.1015625
5.1171875
3.9453125
4.21875
3.75
4.1796875
4.453125
4.4921875
4.8046875
4.765625
4.5703125
4.1796875
4.9609375
4.2578125
4.5703125
4.609375
4.0625
4.140625
4.5703125
4.609375
4.453125
4.6484375
5.3125
4.8046875
4.4140625
4.375
4.6484375
4.84375
4.6875
4.5703125
4.5703125
4.6875
5.078125
4.6875
4.4921875
4.84375
4.1015625
5.390625
4.921875
5.234375
5.1171875
5.0390625
4.921875
4.6875
4.8828125
4.609375
4.609375
4.609375
4.8828125
4.9609375
4.0625
3.984375
4.0234375
5.0
4.9609375
4.7265625
4.0625
4.4921875
4.6484375
4.4921875
4.140625
4.1015625
4.296875
4.6875
4.0625
4.609375
4.765625
4.21875
5.0
4.296875
4.53125
3.828125
4.0625
4.4921875
4.8046875
4.765625
4.609375
4.0625
5.234375
4.7265625
4.8046875
3.984375
4.296875
4.375
5.6640625
4.6875
4.8046875
3.9453125
5.0
3.8671875
4.375
4.296875
4.921875
4.0234375
4.140625
3.4375
4.5703125
4.3359375
4.765625
4.5703125
3.9453125
4.1015625
5.078125
4.140625
5.3125
4.53125
4.8046875
4.1015625
4.765625
4.8828125
4.609375
4.6484375
4.3359375
4.609375
4.140625
5.0
4.84375
4.5703125
4.7265625
4.6484375
5.625
4.3359375
4.1796875
4.7265625
4.4140625
4.3359375
4.609375
4.0625
4.6484375
5.3515625
4.1015625
4.53125
5.0390625
4.7265625
4.53125
4.375
5.8984375
4.453125
4.4140625
4.5703125
4.765625
4.5703125
5.0390625
4.4140625
4.4140625
4.296875
4.0625
4.4140625
4.609375
4.6484375
4.5703125
5.1171875
5.1171875
4.296875
4.453125
4.375
4.8828125
4.5703125
3.828125
4.296875
4.9609375
4.609375
4.5703125
4.0625
4.3359375
4.84375
4.0625
5.0
3.9453125
4.921875
3.9453125
4.8828125
5.1953125
4.8046875
4.6484375
4.4140625
4.921875
5.078125
4.4921875
4.53125
4.3359375
4.453125
4.5703125
3.984375
4.84375
4.1015625
4.7265625
4.21875
4.0625
4.140625
4.84375
4.765625
5.0390625
4.4140625
4.6875
4.921875
4.8828125
4.21875
3.828125
4.609375
4.375
3.75
5.3125
4.2578125
4.375
5.234375
4.9609375
4.21875
4.296875
4.3359375
4.53125
4.453125
4.84375
4.765625
4.3359375
4.609375
4.765625
4.375
5.0390625
5.0
4.375
4.53125
4.5703125
4.21875
4.8828125
5.6640625
4.6484375
4.9609375
4.609375
4.609375
4.921875
4.6875
5.1171875
4.375
3.8671875
4.4140625
5.15625
4.609375
3.9453125
4.2578125
4.8046875
4.9609375
4.7265625
5.1953125
4.1015625
4.9609375
4.53125
5.1953125
4.3359375
4.8828125
4.84375
4.0234375
5.546875
5.1171875
4.6875
4.84375
4.53125
4.6484375
4.609375
4.5703125
4.7265625
4.4921875
5.0390625
4.609375
4.6484375
5.2734375
4.53125
4.6875
4.9609375
4.84375
4.3359375
4.8828125
4.921875
4.296875
4.3359375
4.0234375
5.1953125
4.375
4.6484375
4.4921875
4.609375
4.296875
4.4140625
4.4921875
4.6875
4.765625
5.15625
5.3515625
4.4921875
4.140625
4.53125
4.609375
4.921875
4.53125
4.3359375
4.6875
4.6875
4.4140625
5.3515625
5.15625
4.375
4.140625
5.15625
4.921875
4.375
4.375
4.3359375
4.4921875
4.21875
4.5703125
4.609375
4.8046875
5.1171875
5.234375
3.9453125
4.453125
4.2578125
4.21875
5.46875
4.765625
4.5703125
5.0
4.5703125
4.53125
4.0234375
4.296875
4.5703125
5.078125
5.2734375
5.4296875
4.453125
5.0390625
4.3359375
5.0
4.8828125
4.4921875
4.53125
4.6484375
4.84375
4.375
4.53125
4.921875
5.1953125
4.6484375
4.4921875
4.296875
5.15625
4.2578125
4.21875
4.375
4.53125
4.4921875
3.8671875
4.2578125
4.765625
5.078125
4.296875
4.1796875
4.6875
4.8828125
4.3359375
5.078125
4.8828125
5.15625
4.6484375
4.9609375
4.609375
4.1796875
4.140625
4.53125
4.7265625
4.7265625
5.2734375
4.7265625
4.3359375
4.609375
4.453125
5.1171875
5.0
4.0625
4.21875
4.4140625
5.78125
4.609375
4.453125
4.375
4.6484375
4.84375
4.765625
4.8046875
4.6875
5.3125
3.8671875
3.8671875
4.5703125
4.453125
5.078125
4.4921875
4.7265625
4.6484375
4.765625
5.7421875
4.9609375
4.53125
4.4140625
4.765625
4.53125
4.84375
5.15625
5.6640625
4.765625
4.6875
5.1171875
5.1171875
4.0625
4.7265625
4.921875
5.0390625
5.078125
4.4140625
4.4921875
4.921875
4.6875
5.2734375
4.53125
4.8828125
5.0390625
4.375
4.9609375
5.3125
5.1953125
4.6875
4.53125
4.3359375
4.6875
4.4921875
4.0234375
5.0
4.765625
4.6484375
5.078125
4.3359375
4.6484375
4.765625
5.15625
4.921875
4.6484375
5.1171875
4.53125
4.140625
5.390625
5.3515625
4.1796875
4.375
4.8828125
4.9609375
4.7265625
4.140625
4.609375
5.078125
4.296875
4.7265625
4.140625
4.6484375
4.765625
4.53125
4.0625
4.7265625
4.3359375
4.3359375
4.8046875
4.765625
4.0625
5.15625
4.8046875
5.1171875
4.6484375
4.8046875
4.53125
4.7265625
4.9609375
4.5703125
4.921875
4.3359375
4.140625
4.765625
4.2578125
4.0234375
4.84375
4.8046875
4.921875
4.453125
4.453125
4.3359375
4.453125
5.1171875
4.609375
4.4921875
4.4140625
4.296875
4.453125
4.4921875
4.84375
4.7265625
4.4921875
4.921875
4.3359375
4.21875
5.0
4.6484375
4.5703125
5.1171875
4.1015625
6.171875
4.5703125
5.3125
5.2734375
4.375
4.6484375
4.765625
4.8828125
4.6875
4.9609375
5.2734375
4.9609375
4.6875
4.375
4.7265625
4.6484375
4.84375
4.609375
4.375
4.6875
4.453125
5.3515625
4.453125
5.234375
4.4921875
4.921875
5.1953125
4.3359375
5.1171875
5.0
4.6875
3.75
4.609375
4.9609375
4.609375
4.4140625
5.3125
5.078125
4.21875
4.21875
5.3515625
5.15625
5.0
4.609375
4.2578125
4.609375
5.0
4.84375
5.078125
4.296875
4.609375
5.15625
4.0234375
4.453125
4.6484375
5.625
4.5703125
4.9609375
4.1796875
5.8984375
4.6875
4.609375
4.53125
5.9765625
4.6875
4.375
4.8046875
4.8828125
4.9609375
4.921875
4.0234375
5.4296875
5.1953125
4.84375
4.53125
4.765625
4.296875
3.8671875
4.609375
4.4921875
4.1796875
4.453125
5.0
5.2734375
4.53125
4.453125
5.1171875
4.84375
4.6875
5.546875
4.2578125
4.6484375
4.3359375
4.7265625
4.8046875
4.0234375
4.375
4.375
5.0390625
4.3359375
4.609375
5.1953125
4.6484375
5.0390625
5.3125
4.6484375
5.234375
4.6875
5.390625
4.84375
5.1171875
5.0
4.8046875
5.4296875
3.984375
5.078125
5.0390625
5.546875
4.84375
5.0390625
4.8046875
5.078125
4.7265625
4.8828125
4.765625
4.8046875
4.8046875
4.7265625
4.84375
4.7265625
4.6484375
4.84375
4.3359375
4.8046875
5.2734375
5.0
4.9609375
5.0390625
5.546875
4.7265625
4.609375
5.1171875
5.5859375
5.15625
5.15625
4.375
5.1171875
3.9453125
4.6875
4.6875
5.078125
5.625
5.234375
4.296875
4.84375
4.765625
4.921875
4.140625
4.765625
5.7421875
4.84375
4.6484375
4.4140625
4.7265625
4.9609375
4.1015625
4.921875
4.921875
4.375
5.6640625
4.8828125
5.1171875
4.0625
4.6875
5.0
4.5703125
5.15625
5.078125
4.6875
4.9609375
4.7265625
4.8046875
4.6484375
5.1953125
5.1953125
4.1796875
4.84375
4.765625
5.078125
4.375
5.1171875
4.6875
5.546875
5.1171875
4.375
4.296875
4.8828125
4.7265625
4.6875
4.3359375
5.0390625
4.7265625
5.546875
4.8828125
5.15625
4.53125
5.390625
4.765625
4.6484375
4.7265625
4.4921875
4.921875
4.6875
4.375
4.6484375
5.0390625
5.078125
5.3125
4.296875
4.609375
4.6875
4.4140625
4.3359375
5.1953125
4.453125
5.1953125
3.984375
5.15625
4.765625
4.84375
4.1796875
5.0390625
4.0625
5.234375
4.4140625
4.8828125
4.5703125
5.078125
5.0
4.6875
4.2578125
4.1015625
4.9609375
5.5078125
5.703125
5.3515625
4.21875
4.3359375
4.9609375
4.53125
5.3125
4.765625
4.8046875
5.390625
4.84375
4.7265625
5.390625
5.3125
4.9609375
5.0
4.375
4.5703125
5.15625
5.1171875
4.8046875
4.6875
5.1953125
4.375
4.84375
5.4296875
4.8046875
5.46875
4.8046875
5.625
5.2734375
4.1015625
4.7265625
4.84375
5.7421875
4.7265625
5.234375
5.1171875
5.1171875
4.21875
5.5859375
4.296875
4.7265625
5.2734375
4.8046875
4.1015625
4.6875
5.625
4.765625
5.15625
4.4140625
5.4296875
3.75
4.9609375
5.1953125
4.6875
4.53125
5.1953125
3.984375
5.3125
5.0390625
5.0390625
4.1015625
4.6484375
5.4296875
4.765625
5.15625
4.765625
5.1171875
4.7265625
4.84375
5.1171875
4.921875
4.5703125
5.859375
4.6484375
5.1953125
5.234375
4.4140625
5.0
5.078125
5.2734375
4.5703125
5.234375
3.7109375
5.6640625
4.3359375
5.15625
4.53125
5.078125
4.765625
5.15625
5.546875
5.1953125
4.8828125
4.9609375
5.234375
5.0
4.609375
5.234375
4.9609375
5.1953125
3.90625
5.5859375
4.7265625
5.0
4.5703125
4.7265625
4.6484375
4.21875
5.546875
4.53125
5.234375
4.8046875
5.0390625
4.921875
4.609375
5.5859375
4.4921875
5.0390625
5.0390625
4.6484375
4.84375
4.6484375
5.2734375
4.6484375
5.1953125
4.21875
4.7265625
4.4921875
5.2734375
4.3359375
4.296875
4.609375
4.84375
4.8046875
4.9609375
4.296875
5.1953125
5.0390625
5.1953125
4.4140625
5.3515625
5.15625
5.078125
5.15625
5.1953125
4.7265625
4.8046875
4.0625
4.8046875
4.921875
5.1953125
4.921875
4.921875
5.078125
4.296875
4.4921875
4.4921875
5.0390625
4.375
4.5703125
4.3359375
5.546875
5.1953125
4.609375
5.0
5.1171875
5.625
4.5703125
4.4921875
5.1953125
5.46875
4.84375
4.375
4.6875
5.1171875
4.1015625
4.0625
5.0
5.3125
5.078125
4.1015625
4.8828125
4.5703125
4.7265625
5.078125
5.078125
4.5703125
5.1953125
4.9609375
5.0390625
4.921875
4.53125
5.3515625
5.2734375
5.3515625
4.6875
5.0390625
4.921875
4.375
4.21875
4.8828125
5.0
4.9609375
5.078125
5.234375
5.1171875
4.4921875
4.21875
4.8828125
5.1171875
5.0
4.4140625
5.3125
5.3125
5.8203125
4.296875
4.4140625
4.6484375
5.2734375
4.7265625
5.1171875
4.7265625
5.46875
4.4921875
4.375
5.078125
4.921875
5.3515625
5.3515625
5.1953125
4.53125
5.1953125
5.1953125
4.4140625
5.15625
3.9453125
5.3125
4.8828125
4.9609375
4.4921875
5.390625
4.5703125
4.453125
4.5703125
4.921875
4.9609375
5.2734375
4.21875
5.46875
5.0390625
4.765625
5.390625
4.4140625
4.7265625
4.4921875
5.078125
5.1953125
5.2734375
4.8046875
4.2578125
4.8046875
4.765625
4.8828125
5.2734375
4.921875
4.8046875
4.8046875
4.7265625
4.3359375
5.3515625
4.4140625
5.15625
5.0
4.296875
4.375
4.9609375
4.6484375
4.765625
4.921875
5.3125
5.234375
5.234375
4.8828125
4.921875
4.921875
4.5703125
5.390625
4.8046875
5.0
4.8046875
5.3125
4.375
5.5859375
5.78125
4.8828125
5.078125
5.1953125
4.8046875
4.4140625
5.4296875
4.1796875
5.1953125
4.4140625
4.3359375
4.53125
4.921875
4.375
5.546875
4.8046875
4.9609375
5.5078125
4.9609375
4.2578125
4.84375
4.3359375
4.921875
5.1953125
5.0390625
4.4921875
5.4296875
4.6484375
5.1953125
4.9609375
4.3359375
5.46875
5.7421875
4.3359375
5.1953125
5.234375
4.765625
5.546875
5.625
4.3359375
5.078125
4.8828125
4.609375
4.609375
4.8046875
5.234375
5.2734375
4.921875
4.921875
4.1796875
4.296875
5.390625
5.78125
5.078125
4.765625
4.84375
5.4296875
4.8046875
4.5703125
4.3359375
4.765625
4.8046875
5.3125
5.7421875
4.4140625
4.3359375
4.921875
5.3125
4.6484375
4.921875
4.6875
5.3125
4.84375
5.15625
4.53125
4.84375
4.296875
4.375
4.296875
5.5078125
4.5703125
4.3359375
4.2578125
4.6875
5.0390625
4.9609375
4.375
4.4140625
4.609375
4.765625
5.078125
4.8046875
4.3359375
4.375
4.765625
4.6875
4.921875
4.5703125
5.078125
4.6484375
4.296875
5.1953125
4.1796875
4.9609375
4.53125
5.46875
5.2734375
4.765625
4.9609375
4.375
4.2578125
4.8828125
4.921875
5.234375
5.2734375
4.6484375
4.5703125
4.921875
4.4140625
4.140625
5.078125
4.453125
4.53125
5.234375
4.6484375
5.390625
4.3359375
4.375
5.0390625
4.8046875
4.453125
4.0625
4.765625
5.46875
5.15625
4.765625
5.1953125
4.84375
4.453125
4.9609375
5.546875
5.4296875
4.8046875
4.765625
4.5703125
4.8828125
5.9375
4.8046875
5.1171875
5.2734375
4.1796875
5.2734375
5.0
4.765625
3.9453125
4.765625
4.5703125
5.1953125
4.921875
5.3125
4.7265625
4.84375
4.5703125
4.8828125
4.453125
4.921875
3.984375
5.078125
4.921875
5.0390625
4.921875
4.7265625
4.6875
5.15625
4.84375
5.1953125
4.53125
4.765625
5.46875
5.0390625
5.1171875
4.296875
5.15625
3.9453125
4.8046875
3.9453125
5.0390625
4.4921875
5.2734375
5.078125
4.375
5.46875
4.3359375
5.625
4.765625
4.453125
4.7265625
4.8046875
4.8046875
4.7265625
5.15625
5.15625
4.375
5.1953125
4.5703125
4.4140625
5.0
4.21875
4.453125
5.078125
5.2734375
5.15625
5.3515625
5.625
5.7421875
5.6640625
4.3359375
5.0
4.4921875
5.5078125
5.546875
4.84375
5.078125
4.765625
5.1171875
4.5703125
4.6484375
4.921875
4.609375
5.2734375
5.15625
5.3125
4.8046875
4.765625
4.9609375
4.8828125
4.84375
5.0
4.765625
5.1953125
4.53125
4.21875
4.6875
4.921875
4.140625
5.5859375
4.53125
5.078125
5.390625
4.84375
4.53125
4.375
4.84375
5.3515625
4.7265625
5.546875
5.5078125
4.921875
4.8046875
4.9609375
5.5078125
4.4921875
5.390625
4.8046875
4.765625
4.84375
4.4140625
4.921875
4.8046875
4.8828125
4.8046875
5.078125
5.15625
4.53125
5.1171875
5.0390625
5.0390625
5.5859375
4.1796875
4.765625
5.15625
4.21875
5.9765625
4.921875
4.7265625
5.2734375
4.7265625
4.609375
5.0390625
5.4296875
4.0625
5.46875
4.5703125
4.453125
4.453125
5.0
5.1171875
4.4921875
4.4140625
4.609375
5.4296875
5.46875
6.5234375
4.6484375
4.453125
4.453125
5.2734375
5.5078125
4.9609375
4.609375
4.1015625
4.4140625
5.8984375
4.5703125
4.140625
5.1953125
4.84375
4.84375
5.15625
5.5859375
4.5703125
4.8046875
5.625
4.8828125
5.1953125
5.6640625
4.53125
5.625
4.1796875
4.1796875
4.6484375
5.4296875
4.3359375
5.3515625
5.15625
5.0
5.15625
4.3359375
5.46875
4.6484375
4.21875
4.921875
4.765625
4.8828125
4.609375
5.390625
4.921875
5.0390625
4.9609375
4.8046875
5.3515625
5.078125
5.078125
5.3125
5.78125
4.53125
3.984375
4.609375
5.390625
5.78125
4.8828125
5.3125
5.5078125
4.6484375
5.390625
4.140625
4.84375
4.21875
4.921875
4.6484375
5.234375
5.5859375
4.9609375
5.234375
4.6484375
4.9609375
4.53125
5.46875
4.765625
4.8828125
4.6875
5.3515625
5.2734375
5.4296875
4.6484375
5.0
5.7421875
5.234375
4.921875
4.765625
4.8046875
4.296875
4.8046875
5.3515625
5.0
4.8828125
4.4140625
5.7421875
4.609375
5.390625
4.8828125
4.5703125
4.609375
4.4140625
5.1953125
4.765625
5.0390625
5.3515625
6.015625
5.15625
5.78125
4.921875
4.5703125
5.390625
5.390625
4.8828125
5.1171875
5.390625
4.9609375
5.0
5.0390625
5.1171875
5.2734375
5.46875
4.375
4.8828125
4.84375
4.6484375
4.9609375
5.0390625
4.4140625
4.8828125
4.8046875
5.625
5.6640625
5.15625
4.8828125
5.4296875
4.921875
4.2578125
5.15625
4.6484375
4.765625
4.609375
5.1953125
4.9609375
5.0390625
5.234375
5.078125
5.15625
4.7265625
4.921875
5.46875
4.453125
4.921875
5.234375
5.0
5.2734375
4.609375
5.5859375
4.453125
5.1171875
4.6484375
4.765625
4.765625
4.4140625
4.7265625
4.4921875
4.8046875
5.234375
5.3125
5.1953125
4.84375
5.8203125
4.6875
5.5078125
5.1171875
5.0390625
4.6484375
5.4296875
5.1171875
4.84375
4.21875
5.7421875
5.1171875
4.765625
4.8046875
4.7265625
4.921875
4.84375
5.1171875
5.0
4.453125
5.234375
4.8828125
5.2734375
4.765625
4.8046875
4.1796875
5.078125
5.1953125
4.765625
5.0390625
5.1953125
4.375
4.53125
4.609375
5.390625
5.0390625
4.2578125
4.53125
5.546875
4.4921875
5.5078125
4.21875
4.6875
5.3125
4.296875
4.8046875
4.6875
4.84375
4.84375
4.6875
4.4140625
5.234375
4.9609375
4.296875
5.625
5.2734375
4.7265625
4.6484375
4.609375
4.6484375
4.6484375
5.2734375
5.46875
4.765625
4.4140625
5.078125
5.0390625
5.2734375
4.8828125
5.234375
5.9375
5.0
5.3125
5.4296875
5.46875
5.546875
5.1171875
5.2734375
5.0390625
4.296875
5.0
4.7265625
4.296875
5.078125
4.609375
4.453125
4.2578125
5.1171875
4.8828125
5.078125
5.078125
4.8828125
5.4296875
4.9609375
5.078125
4.9609375
4.4140625
5.390625
4.4140625
5.3125
5.46875
4.765625
5.5078125
4.5703125
5.703125
4.7265625
5.5078125
4.8828125
5.8984375
5.3125
5.390625
5.0390625
4.6875
4.453125
5.3515625
5.5078125
5.1953125
4.8046875
4.84375
4.8828125
4.8046875
4.453125
5.78125
4.140625
5.234375
4.53125
4.453125
5.703125
5.078125
4.53125
5.46875
4.8828125
4.140625
5.8984375
5.6640625
5.0390625
4.7265625
4.921875
4.84375
5.3515625
4.765625
5.3125
5.4296875
5.5078125
5.1171875
4.7265625
5.546875
5.078125
4.765625
4.5703125
5.078125
4.9609375
4.453125
5.6640625
4.765625
5.3125
5.0
3.984375
5.6640625
4.765625
4.8046875
4.765625
4.2578125
4.8828125
4.5703125
5.3515625
4.609375
4.765625
4.765625
5.46875
5.5859375
4.5703125
4.609375
5.078125
4.609375
4.8046875
4.0234375
5.15625
4.7265625
4.53125
4.609375
4.8828125
5.1171875
5.1171875
4.7265625
5.5859375
5.3515625
4.4921875
5.0
4.453125
4.765625
5.8203125
4.6484375
5.3125
4.375
4.4140625
5.0
4.5703125
4.375
5.3515625
5.3515625
4.8046875
4.8046875
5.1171875
4.609375
4.8828125
5.1953125
4.765625
4.5703125
5.078125
5.0
5.3125
5.625
4.9609375
4.765625
4.8046875
4.8046875
4.140625
4.5703125
4.84375
4.609375
4.5703125
4.921875
5.0
4.4921875
5.1171875
4.84375
4.9609375
4.4921875
5.3125
4.453125
4.84375
5.1953125
5.8203125
5.1171875
4.84375
5.234375
5.5859375
5.3125
5.15625
5.390625
5.5078125
4.8828125
5.0390625
4.4140625
4.8828125
4.765625
4.6484375
4.5703125
5.625
4.2578125
4.8828125
5.234375
4.8828125
5.3515625
4.84375
5.0390625
5.3125
4.375
5.78125
5.0390625
4.7265625
5.3125
4.7265625
4.84375
5.15625
4.6875
4.9609375
5.0
4.8828125
5.3515625
5.8203125
4.7265625
4.4921875
4.765625
5.625
5.2734375
5.390625
4.921875
5.0390625
5.234375
4.3359375
4.921875
4.7265625
4.8046875
5.0390625
5.15625
4.6875
4.5703125
5.15625
5.0
4.921875
5.078125
5.3515625
5.15625
4.8046875
4.609375
5.6640625
5.3515625
4.609375
5.0
4.4921875
5.5078125
5.1171875
4.53125
4.8046875
5.3515625
6.171875
5.078125
5.15625
4.6484375
4.5703125
4.53125
4.53125
4.375
5.78125
5.078125
5.1953125
4.84375
5.234375
4.8828125
4.7265625
4.84375
4.7265625
4.2578125
4.921875
4.8046875
4.21875
4.7265625
4.7265625
4.8046875
4.7265625
5.3515625
4.921875
5.3515625
4.1015625
5.0
4.4921875
4.375
5.859375
4.8046875
5.1171875
4.6484375
5.390625
4.7265625
5.234375
5.1953125
5.078125
5.078125
5.1953125
4.53125
4.7265625
4.84375
4.8828125
4.921875
5.0390625
4.921875
6.1328125
4.21875
5.546875
4.765625
5.0
4.765625
4.8046875
4.765625
4.453125
5.15625
4.8828125
4.453125
5.15625
4.1015625
4.0625
5.3515625
4.6484375
4.7265625
5.46875
5.78125
5.3515625
5.0
5.0
5.4296875
5.1171875
5.546875
5.546875
4.609375
4.21875
5.078125
5.234375
4.921875
5.4296875
5.234375
4.7265625
5.15625
5.5859375
5.9765625
4.140625
5.3125
5.3125
5.0
5.3515625
4.8828125
4.9609375
5.15625
4.765625
4.7265625
4.296875
5.3515625
4.921875
5.234375
4.7265625
5.0390625
4.8046875
5.390625
5.3515625
4.8828125
5.8984375
5.5859375
5.2734375
5.1171875
5.546875
4.453125
4.0625
4.921875
4.5703125
4.921875
4.7265625
5.703125
5.6640625
5.1171875
5.7421875
4.453125
4.5703125
4.921875
4.5703125
4.4921875
4.8046875
4.375
5.1953125
5.390625
4.84375
4.453125
4.8046875
4.7265625
4.9609375
4.84375
4.7265625
5.2734375
5.078125
4.8046875
4.609375
5.3125
5.234375
4.609375
4.6875
5.0
4.6875
4.4921875
4.5703125
5.3125
5.078125
4.6875
5.078125
4.9609375
4.1015625
4.609375
5.9765625
5.546875
4.7265625
5.1953125
5.2734375
4.4921875
5.8984375
4.3359375
4.375
5.0390625
5.15625
4.8828125
4.53125
5.0
4.53125
4.5703125
4.8828125
4.6875
5.0390625
5.1953125
5.1953125
4.140625
4.4921875
4.6484375
4.8046875
5.078125
5.46875
5.546875
5.15625
4.4921875
4.765625
5.703125
4.6484375
4.375
4.8828125
4.453125
5.078125
4.8046875
5.0390625
4.53125
4.6875
5.2734375
4.921875
5.5078125
6.2109375
4.9609375
4.84375
4.609375
4.84375
4.8828125
5.3125
4.5703125
5.15625
4.7265625
5.4296875
5.703125
4.9609375
5.5078125
4.453125
5.546875
4.765625
5.078125
5.15625
4.453125
4.7265625
4.8046875
5.15625
5.5078125
4.1796875
4.6875
5.0390625
4.8828125
4.6875
5.46875
4.375
4.0234375
5.3125
4.6484375
5.0390625
5.4296875
5.234375
4.9609375
5.3515625
4.4921875
5.9375
5.4296875
4.4921875
5.3515625
5.546875
5.546875
5.9375
5.546875
5.234375
4.375
5.1171875
4.1015625
4.1796875
4.8828125
4.8828125
5.625
5.5859375
4.8046875
5.6640625
4.8046875
5.5859375
5.0390625
4.84375
5.546875
4.609375
4.7265625
5.1171875
5.46875
4.921875
5.0390625
5.4296875
5.0390625
4.53125
5.15625
4.9609375
5.625
4.8046875
4.8828125
4.84375
5.078125
5.46875
4.6484375
5.0
5.5078125
4.375
4.84375
5.6640625
4.84375
4.7265625
4.765625
4.8046875
5.1171875
4.53125
5.46875
4.9609375
5.78125
4.8828125
5.0390625
4.7265625
4.765625
5.0
5.4296875
5.078125
5.3515625
5.4296875
5.5859375
5.1953125
5.078125
5.2734375
4.7265625
5.15625
4.53125
5.859375
5.46875
5.0390625
5.390625
4.921875
4.3359375
5.46875
5.0
5.9375
4.9609375
4.7265625
4.53125
5.78125
4.2578125
4.921875
5.078125
4.6484375
4.453125
4.765625
5.390625
5.078125
5.7421875
4.4140625
5.46875
5.3125
5.8203125
4.9609375
4.53125
5.0390625
4.921875
4.375
5.5078125
5.0390625
5.546875
5.625
5.234375
5.0
5.2734375
5.4296875
5.390625
4.6484375
4.9609375
4.53125
4.921875
5.2734375
4.9609375
5.078125
5.78125
5.8203125
5.15625
5.3125
5.3125
4.7265625
3.828125
4.84375
4.9609375
4.8828125
5.6640625
5.6640625
5.2734375
5.0
4.921875
5.0390625
5.078125
4.84375
4.4140625
4.4921875
5.234375
5.0390625
5.3515625
5.703125
5.2734375
4.6484375
5.5859375
5.4296875
4.375
5.078125
5.4296875
4.2578125
5.4296875
4.609375
5.625
5.234375
5.46875
4.7265625
5.1171875
4.921875
5.2734375
5.2734375
4.8828125
4.8828125
5.15625
4.4140625
4.8046875
4.3359375
4.609375
4.375
5.1171875
5.3125
5.390625
5.2734375
5.234375
4.53125
4.4140625
5.46875
5.15625
5.390625
4.921875
5.4296875
5.0
4.921875
5.703125
4.4140625
5.0390625
4.9609375
4.6484375
5.15625
4.765625
5.0
4.6484375
5.1953125
4.6875
4.8828125
4.84375
5.078125
4.8828125
5.078125
4.4140625
4.8828125
5.5859375
4.921875
4.6875
5.4296875
5.2734375
5.9375
5.15625
4.8046875
5.4296875
5.1953125
4.2578125
4.84375
4.765625
5.15625
5.1953125
5.3125
4.921875
4.8046875
5.2734375
4.5703125
4.6484375
5.5078125
4.5703125
4.4921875
5.15625
4.8046875
4.9609375
5.0
4.6484375
5.1171875
4.921875
5.1953125
5.390625
4.8828125
4.3359375
5.46875
5.6640625
5.234375
5.4296875
4.7265625
5.0390625
4.921875
4.8828125
5.1953125
4.84375
4.765625
4.53125
4.6875
5.1953125
4.7265625
4.53125
4.921875
4.9609375
4.921875
4.84375
5.234375
6.2890625
5.390625
4.6484375
4.6875
4.8046875
5.3125
4.609375
4.921875
4.375
4.6875
5.078125
5.390625
4.140625
5.0390625
4.6484375
5.3515625
5.078125
4.8046875
5.078125
4.5703125
5.078125
5.078125
5.1953125
5.3515625
5.234375
4.8046875
5.625
5.390625
5.8203125
5.1171875
5.1953125
5.3125
5.0390625
5.234375
5.15625
5.3125
4.9609375
5.46875
4.609375
6.171875
5.78125
4.8046875
4.8046875
4.375
4.84375
5.2734375
5.1953125
5.0390625
4.4921875
5.5078125
5.1953125
4.3359375
3.9453125
5.0
5.7421875
5.0
6.09375
5.15625
5.5078125
4.453125
4.3359375
4.53125
4.921875
5.1171875
